--------------------z=0--------------------
-0.01362 -0.01362 -0.01385 -0.01404 -0.01439 -0.01459 -0.01483 -0.01484 -0.01483 -0.01459 -0.01439 -0.01404 -0.01385 -0.01362 -0.01362 
-0.01362 -0.01375 -0.01386 -0.01419 -0.01443 -0.01476 -0.01489 -0.01502 -0.01489 -0.01476 -0.01443 -0.01419 -0.01386 -0.01375 -0.01362 
-0.01385 -0.01386 -0.01413 -0.01436 -0.01476 -0.01502 -0.01530 -0.01532 -0.01530 -0.01502 -0.01476 -0.01436 -0.01413 -0.01386 -0.01385 
-0.01404 -0.01419 -0.01436 -0.01477 -0.01512 -0.01555 -0.01576 -0.01592 -0.01576 -0.01555 -0.01512 -0.01477 -0.01436 -0.01419 -0.01404 
-0.01439 -0.01443 -0.01476 -0.01512 -0.01566 -0.01605 -0.01644 -0.01650 -0.01644 -0.01605 -0.01566 -0.01512 -0.01476 -0.01443 -0.01439 
-0.01459 -0.01476 -0.01502 -0.01555 -0.01605 -0.01665 -0.01698 -0.01719 -0.01698 -0.01665 -0.01605 -0.01555 -0.01502 -0.01476 -0.01459 
-0.01483 -0.01489 -0.01530 -0.01576 -0.01644 -0.01698 -0.01748 -0.01758 -0.01748 -0.01698 -0.01644 -0.01576 -0.01530 -0.01489 -0.01483 
-0.01484 -0.01502 -0.01532 -0.01592 -0.01650 -0.01719 -0.01758 -0.01782 -0.01758 -0.01719 -0.01650 -0.01592 -0.01532 -0.01502 -0.01484 
-0.01483 -0.01489 -0.01530 -0.01576 -0.01644 -0.01698 -0.01748 -0.01758 -0.01748 -0.01698 -0.01644 -0.01576 -0.01530 -0.01489 -0.01483 
-0.01459 -0.01476 -0.01502 -0.01555 -0.01605 -0.01665 -0.01698 -0.01719 -0.01698 -0.01665 -0.01605 -0.01555 -0.01502 -0.01476 -0.01459 
-0.01439 -0.01443 -0.01476 -0.01512 -0.01566 -0.01605 -0.01644 -0.01650 -0.01644 -0.01605 -0.01566 -0.01512 -0.01476 -0.01443 -0.01439 
-0.01404 -0.01419 -0.01436 -0.01477 -0.01512 -0.01555 -0.01576 -0.01592 -0.01576 -0.01555 -0.01512 -0.01477 -0.01436 -0.01419 -0.01404 
-0.01385 -0.01386 -0.01413 -0.01436 -0.01476 -0.01502 -0.01530 -0.01532 -0.01530 -0.01502 -0.01476 -0.01436 -0.01413 -0.01386 -0.01385 
-0.01362 -0.01375 -0.01386 -0.01419 -0.01443 -0.01476 -0.01489 -0.01502 -0.01489 -0.01476 -0.01443 -0.01419 -0.01386 -0.01375 -0.01362 
-0.01362 -0.01362 -0.01385 -0.01404 -0.01439 -0.01459 -0.01483 -0.01484 -0.01483 -0.01459 -0.01439 -0.01404 -0.01385 -0.01362 -0.01362 
--------------------z=1--------------------
-0.01362 -0.01375 -0.01386 -0.01419 -0.01443 -0.01476 -0.01489 -0.01502 -0.01489 -0.01476 -0.01443 -0.01419 -0.01386 -0.01375 -0.01362 
-0.01375 -0.01375 -0.01400 -0.01421 -0.01459 -0.01482 -0.01509 -0.01510 -0.01509 -0.01482 -0.01459 -0.01421 -0.01400 -0.01375 -0.01375 
-0.01386 -0.01400 -0.01415 -0.01453 -0.01483 -0.01522 -0.01540 -0.01555 -0.01540 -0.01522 -0.01483 -0.01453 -0.01415 -0.01400 -0.01386 
-0.01419 -0.01421 -0.01453 -0.01484 -0.01534 -0.01569 -0.01604 -0.01609 -0.01604 -0.01569 -0.01534 -0.01484 -0.01453 -0.01421 -0.01419 
-0.01443 -0.01459 -0.01483 -0.01534 -0.01580 -0.01637 -0.01668 -0.01688 -0.01668 -0.01637 -0.01580 -0.01534 -0.01483 -0.01459 -0.01443 
-0.01476 -0.01482 -0.01522 -0.01569 -0.01637 -0.01691 -0.01742 -0.01753 -0.01742 -0.01691 -0.01637 -0.01569 -0.01522 -0.01482 -0.01476 
-0.01489 -0.01509 -0.01540 -0.01604 -0.01668 -0.01742 -0.01788 -0.01814 -0.01788 -0.01742 -0.01668 -0.01604 -0.01540 -0.01509 -0.01489 
-0.01502 -0.01510 -0.01555 -0.01609 -0.01688 -0.01753 -0.01814 -0.01828 -0.01814 -0.01753 -0.01688 -0.01609 -0.01555 -0.01510 -0.01502 
-0.01489 -0.01509 -0.01540 -0.01604 -0.01668 -0.01742 -0.01788 -0.01814 -0.01788 -0.01742 -0.01668 -0.01604 -0.01540 -0.01509 -0.01489 
-0.01476 -0.01482 -0.01522 -0.01569 -0.01637 -0.01691 -0.01742 -0.01753 -0.01742 -0.01691 -0.01637 -0.01569 -0.01522 -0.01482 -0.01476 
-0.01443 -0.01459 -0.01483 -0.01534 -0.01580 -0.01637 -0.01668 -0.01688 -0.01668 -0.01637 -0.01580 -0.01534 -0.01483 -0.01459 -0.01443 
-0.01419 -0.01421 -0.01453 -0.01484 -0.01534 -0.01569 -0.01604 -0.01609 -0.01604 -0.01569 -0.01534 -0.01484 -0.01453 -0.01421 -0.01419 
-0.01386 -0.01400 -0.01415 -0.01453 -0.01483 -0.01522 -0.01540 -0.01555 -0.01540 -0.01522 -0.01483 -0.01453 -0.01415 -0.01400 -0.01386 
-0.01375 -0.01375 -0.01400 -0.01421 -0.01459 -0.01482 -0.01509 -0.01510 -0.01509 -0.01482 -0.01459 -0.01421 -0.01400 -0.01375 -0.01375 
-0.01362 -0.01375 -0.01386 -0.01419 -0.01443 -0.01476 -0.01489 -0.01502 -0.01489 -0.01476 -0.01443 -0.01419 -0.01386 -0.01375 -0.01362 
--------------------z=2--------------------
-0.01385 -0.01386 -0.01413 -0.01436 -0.01476 -0.01502 -0.01530 -0.01532 -0.01530 -0.01502 -0.01476 -0.01436 -0.01413 -0.01386 -0.01385 
-0.01386 -0.01400 -0.01415 -0.01453 -0.01483 -0.01522 -0.01540 -0.01555 -0.01540 -0.01522 -0.01483 -0.01453 -0.01415 -0.01400 -0.01386 
-0.01413 -0.01415 -0.01446 -0.01476 -0.01525 -0.01559 -0.01595 -0.01599 -0.01595 -0.01559 -0.01525 -0.01476 -0.01446 -0.01415 -0.01413 
-0.01436 -0.01453 -0.01476 -0.01528 -0.01575 -0.01632 -0.01664 -0.01684 -0.01664 -0.01632 -0.01575 -0.01528 -0.01476 -0.01453 -0.01436 
-0.01476 -0.01483 -0.01525 -0.01575 -0.01648 -0.01708 -0.01765 -0.01777 -0.01765 -0.01708 -0.01648 -0.01575 -0.01525 -0.01483 -0.01476 
-0.01502 -0.01522 -0.01559 -0.01632 -0.01708 -0.01798 -0.01856 -0.01888 -0.01856 -0.01798 -0.01708 -0.01632 -0.01559 -0.01522 -0.01502 
-0.01530 -0.01540 -0.01595 -0.01664 -0.01765 -0.01856 -0.01941 -0.01966 -0.01941 -0.01856 -0.01765 -0.01664 -0.01595 -0.01540 -0.01530 
-0.01532 -0.01555 -0.01599 -0.01684 -0.01777 -0.01888 -0.01966 -0.02006 -0.01966 -0.01888 -0.01777 -0.01684 -0.01599 -0.01555 -0.01532 
-0.01530 -0.01540 -0.01595 -0.01664 -0.01765 -0.01856 -0.01941 -0.01966 -0.01941 -0.01856 -0.01765 -0.01664 -0.01595 -0.01540 -0.01530 
-0.01502 -0.01522 -0.01559 -0.01632 -0.01708 -0.01798 -0.01856 -0.01888 -0.01856 -0.01798 -0.01708 -0.01632 -0.01559 -0.01522 -0.01502 
-0.01476 -0.01483 -0.01525 -0.01575 -0.01648 -0.01708 -0.01765 -0.01777 -0.01765 -0.01708 -0.01648 -0.01575 -0.01525 -0.01483 -0.01476 
-0.01436 -0.01453 -0.01476 -0.01528 -0.01575 -0.01632 -0.01664 -0.01684 -0.01664 -0.01632 -0.01575 -0.01528 -0.01476 -0.01453 -0.01436 
-0.01413 -0.01415 -0.01446 -0.01476 -0.01525 -0.01559 -0.01595 -0.01599 -0.01595 -0.01559 -0.01525 -0.01476 -0.01446 -0.01415 -0.01413 
-0.01386 -0.01400 -0.01415 -0.01453 -0.01483 -0.01522 -0.01540 -0.01555 -0.01540 -0.01522 -0.01483 -0.01453 -0.01415 -0.01400 -0.01386 
-0.01385 -0.01386 -0.01413 -0.01436 -0.01476 -0.01502 -0.01530 -0.01532 -0.01530 -0.01502 -0.01476 -0.01436 -0.01413 -0.01386 -0.01385 
--------------------z=3--------------------
-0.01404 -0.01419 -0.01436 -0.01477 -0.01512 -0.01555 -0.01576 -0.01592 -0.01576 -0.01555 -0.01512 -0.01477 -0.01436 -0.01419 -0.01404 
-0.01419 -0.01421 -0.01453 -0.01484 -0.01534 -0.01569 -0.01604 -0.01609 -0.01604 -0.01569 -0.01534 -0.01484 -0.01453 -0.01421 -0.01419 
-0.01436 -0.01453 -0.01476 -0.01528 -0.01575 -0.01632 -0.01664 -0.01684 -0.01664 -0.01632 -0.01575 -0.01528 -0.01476 -0.01453 -0.01436 
-0.01477 -0.01484 -0.01528 -0.01579 -0.01655 -0.01718 -0.01777 -0.01791 -0.01777 -0.01718 -0.01655 -0.01579 -0.01528 -0.01484 -0.01477 
-0.01512 -0.01534 -0.01575 -0.01655 -0.01741 -0.01843 -0.01913 -0.01949 -0.01913 -0.01843 -0.01741 -0.01655 -0.01575 -0.01534 -0.01512 
-0.01555 -0.01569 -0.01632 -0.01718 -0.01843 -0.01965 -0.02078 -0.02116 -0.02078 -0.01965 -0.01843 -0.01718 -0.01632 -0.01569 -0.01555 
-0.01576 -0.01604 -0.01664 -0.01777 -0.01913 -0.02078 -0.02211 -0.02279 -0.02211 -0.02078 -0.01913 -0.01777 -0.01664 -0.01604 -0.01576 
-0.01592 -0.01609 -0.01684 -0.01791 -0.01949 -0.02116 -0.02279 -0.02346 -0.02279 -0.02116 -0.01949 -0.01791 -0.01684 -0.01609 -0.01592 
-0.01576 -0.01604 -0.01664 -0.01777 -0.01913 -0.02078 -0.02211 -0.02279 -0.02211 -0.02078 -0.01913 -0.01777 -0.01664 -0.01604 -0.01576 
-0.01555 -0.01569 -0.01632 -0.01718 -0.01843 -0.01965 -0.02078 -0.02116 -0.02078 -0.01965 -0.01843 -0.01718 -0.01632 -0.01569 -0.01555 
-0.01512 -0.01534 -0.01575 -0.01655 -0.01741 -0.01843 -0.01913 -0.01949 -0.01913 -0.01843 -0.01741 -0.01655 -0.01575 -0.01534 -0.01512 
-0.01477 -0.01484 -0.01528 -0.01579 -0.01655 -0.01718 -0.01777 -0.01791 -0.01777 -0.01718 -0.01655 -0.01579 -0.01528 -0.01484 -0.01477 
-0.01436 -0.01453 -0.01476 -0.01528 -0.01575 -0.01632 -0.01664 -0.01684 -0.01664 -0.01632 -0.01575 -0.01528 -0.01476 -0.01453 -0.01436 
-0.01419 -0.01421 -0.01453 -0.01484 -0.01534 -0.01569 -0.01604 -0.01609 -0.01604 -0.01569 -0.01534 -0.01484 -0.01453 -0.01421 -0.01419 
-0.01404 -0.01419 -0.01436 -0.01477 -0.01512 -0.01555 -0.01576 -0.01592 -0.01576 -0.01555 -0.01512 -0.01477 -0.01436 -0.01419 -0.01404 
--------------------z=6--------------------
-0.01483 -0.01489 -0.01530 -0.01576 -0.01644 -0.01698 -0.01748 -0.01758 -0.01748 -0.01698 -0.01644 -0.01576 -0.01530 -0.01489 -0.01483 
-0.01489 -0.01509 -0.01540 -0.01604 -0.01668 -0.01742 -0.01788 -0.01814 -0.01788 -0.01742 -0.01668 -0.01604 -0.01540 -0.01509 -0.01489 
-0.01530 -0.01540 -0.01595 -0.01664 -0.01765 -0.01856 -0.01941 -0.01966 -0.01941 -0.01856 -0.01765 -0.01664 -0.01595 -0.01540 -0.01530 
-0.01576 -0.01604 -0.01664 -0.01777 -0.01913 -0.02078 -0.02211 -0.02279 -0.02211 -0.02078 -0.01913 -0.01777 -0.01664 -0.01604 -0.01576 
-0.01644 -0.01668 -0.01765 -0.01913 -0.02139 -0.02406 -0.02685 -0.02823 -0.02685 -0.02406 -0.02139 -0.01913 -0.01765 -0.01668 -0.01644 
-0.01698 -0.01742 -0.01856 -0.02078 -0.02406 -0.02882 -0.03440 -0.03838 -0.03440 -0.02882 -0.02406 -0.02078 -0.01856 -0.01742 -0.01698 
-0.01748 -0.01788 -0.01941 -0.02211 -0.02685 -0.03440 -0.04590 -0.05739 -0.04590 -0.03440 -0.02685 -0.02211 -0.01941 -0.01788 -0.01748 
-0.01758 -0.01814 -0.01966 -0.02279 -0.02823 -0.03838 -0.05739 -0.08827 -0.05739 -0.03838 -0.02823 -0.02279 -0.01966 -0.01814 -0.01758 
-0.01748 -0.01788 -0.01941 -0.02211 -0.02685 -0.03440 -0.04590 -0.05739 -0.04590 -0.03440 -0.02685 -0.02211 -0.01941 -0.01788 -0.01748 
-0.01698 -0.01742 -0.01856 -0.02078 -0.02406 -0.02882 -0.03440 -0.03838 -0.03440 -0.02882 -0.02406 -0.02078 -0.01856 -0.01742 -0.01698 
-0.01644 -0.01668 -0.01765 -0.01913 -0.02139 -0.02406 -0.02685 -0.02823 -0.02685 -0.02406 -0.02139 -0.01913 -0.01765 -0.01668 -0.01644 
-0.01576 -0.01604 -0.01664 -0.01777 -0.01913 -0.02078 -0.02211 -0.02279 -0.02211 -0.02078 -0.01913 -0.01777 -0.01664 -0.01604 -0.01576 
-0.01530 -0.01540 -0.01595 -0.01664 -0.01765 -0.01856 -0.01941 -0.01966 -0.01941 -0.01856 -0.01765 -0.01664 -0.01595 -0.01540 -0.01530 
-0.01489 -0.01509 -0.01540 -0.01604 -0.01668 -0.01742 -0.01788 -0.01814 -0.01788 -0.01742 -0.01668 -0.01604 -0.01540 -0.01509 -0.01489 
-0.01483 -0.01489 -0.01530 -0.01576 -0.01644 -0.01698 -0.01748 -0.01758 -0.01748 -0.01698 -0.01644 -0.01576 -0.01530 -0.01489 -0.01483 
--------------------z=7--------------------
-0.01484 -0.01502 -0.01532 -0.01592 -0.01650 -0.01719 -0.01758 -0.01782 -0.01758 -0.01719 -0.01650 -0.01592 -0.01532 -0.01502 -0.01484 
-0.01502 -0.01510 -0.01555 -0.01609 -0.01688 -0.01753 -0.01814 -0.01828 -0.01814 -0.01753 -0.01688 -0.01609 -0.01555 -0.01510 -0.01502 
-0.01532 -0.01555 -0.01599 -0.01684 -0.01777 -0.01888 -0.01966 -0.02006 -0.01966 -0.01888 -0.01777 -0.01684 -0.01599 -0.01555 -0.01532 
-0.01592 -0.01609 -0.01684 -0.01791 -0.01949 -0.02116 -0.02279 -0.02346 -0.02279 -0.02116 -0.01949 -0.01791 -0.01684 -0.01609 -0.01592 
-0.01650 -0.01688 -0.01777 -0.01949 -0.02184 -0.02499 -0.02823 -0.03027 -0.02823 -0.02499 -0.02184 -0.01949 -0.01777 -0.01688 -0.01650 
-0.01719 -0.01753 -0.01888 -0.02116 -0.02499 -0.03061 -0.03838 -0.04522 -0.03838 -0.03061 -0.02499 -0.02116 -0.01888 -0.01753 -0.01719 
-0.01758 -0.01814 -0.01966 -0.02279 -0.02823 -0.03838 -0.05739 -0.08827 -0.05739 -0.03838 -0.02823 -0.02279 -0.01966 -0.01814 -0.01758 
-0.01782 -0.01828 -0.02006 -0.02346 -0.03027 -0.04522 -0.08827 -0.25481 -0.08827 -0.04522 -0.03027 -0.02346 -0.02006 -0.01828 -0.01782 
-0.01758 -0.01814 -0.01966 -0.02279 -0.02823 -0.03838 -0.05739 -0.08827 -0.05739 -0.03838 -0.02823 -0.02279 -0.01966 -0.01814 -0.01758 
-0.01719 -0.01753 -0.01888 -0.02116 -0.02499 -0.03061 -0.03838 -0.04522 -0.03838 -0.03061 -0.02499 -0.02116 -0.01888 -0.01753 -0.01719 
-0.01650 -0.01688 -0.01777 -0.01949 -0.02184 -0.02499 -0.02823 -0.03027 -0.02823 -0.02499 -0.02184 -0.01949 -0.01777 -0.01688 -0.01650 
-0.01592 -0.01609 -0.01684 -0.01791 -0.01949 -0.02116 -0.02279 -0.02346 -0.02279 -0.02116 -0.01949 -0.01791 -0.01684 -0.01609 -0.01592 
-0.01532 -0.01555 -0.01599 -0.01684 -0.01777 -0.01888 -0.01966 -0.02006 -0.01966 -0.01888 -0.01777 -0.01684 -0.01599 -0.01555 -0.01532 
-0.01502 -0.01510 -0.01555 -0.01609 -0.01688 -0.01753 -0.01814 -0.01828 -0.01814 -0.01753 -0.01688 -0.01609 -0.01555 -0.01510 -0.01502 
-0.01484 -0.01502 -0.01532 -0.01592 -0.01650 -0.01719 -0.01758 -0.01782 -0.01758 -0.01719 -0.01650 -0.01592 -0.01532 -0.01502 -0.01484 
--------------------z=8--------------------
-0.01483 -0.01489 -0.01530 -0.01576 -0.01644 -0.01698 -0.01748 -0.01758 -0.01748 -0.01698 -0.01644 -0.01576 -0.01530 -0.01489 -0.01483 
-0.01489 -0.01509 -0.01540 -0.01604 -0.01668 -0.01742 -0.01788 -0.01814 -0.01788 -0.01742 -0.01668 -0.01604 -0.01540 -0.01509 -0.01489 
-0.01530 -0.01540 -0.01595 -0.01664 -0.01765 -0.01856 -0.01941 -0.01966 -0.01941 -0.01856 -0.01765 -0.01664 -0.01595 -0.01540 -0.01530 
-0.01576 -0.01604 -0.01664 -0.01777 -0.01913 -0.02078 -0.02211 -0.02279 -0.02211 -0.02078 -0.01913 -0.01777 -0.01664 -0.01604 -0.01576 
-0.01644 -0.01668 -0.01765 -0.01913 -0.02139 -0.02406 -0.02685 -0.02823 -0.02685 -0.02406 -0.02139 -0.01913 -0.01765 -0.01668 -0.01644 
-0.01698 -0.01742 -0.01856 -0.02078 -0.02406 -0.02882 -0.03440 -0.03838 -0.03440 -0.02882 -0.02406 -0.02078 -0.01856 -0.01742 -0.01698 
-0.01748 -0.01788 -0.01941 -0.02211 -0.02685 -0.03440 -0.04590 -0.05739 -0.04590 -0.03440 -0.02685 -0.02211 -0.01941 -0.01788 -0.01748 
-0.01758 -0.01814 -0.01966 -0.02279 -0.02823 -0.03838 -0.05739 -0.08827 -0.05739 -0.03838 -0.02823 -0.02279 -0.01966 -0.01814 -0.01758 
-0.01748 -0.01788 -0.01941 -0.02211 -0.02685 -0.03440 -0.04590 -0.05739 -0.04590 -0.03440 -0.02685 -0.02211 -0.01941 -0.01788 -0.01748 
-0.01698 -0.01742 -0.01856 -0.02078 -0.02406 -0.02882 -0.03440 -0.03838 -0.03440 -0.02882 -0.02406 -0.02078 -0.01856 -0.01742 -0.01698 
-0.01644 -0.01668 -0.01765 -0.01913 -0.02139 -0.02406 -0.02685 -0.02823 -0.02685 -0.02406 -0.02139 -0.01913 -0.01765 -0.01668 -0.01644 
-0.01576 -0.01604 -0.01664 -0.01777 -0.01913 -0.02078 -0.02211 -0.02279 -0.02211 -0.02078 -0.01913 -0.01777 -0.01664 -0.01604 -0.01576 
-0.01530 -0.01540 -0.01595 -0.01664 -0.01765 -0.01856 -0.01941 -0.01966 -0.01941 -0.01856 -0.01765 -0.01664 -0.01595 -0.01540 -0.01530 
-0.01489 -0.01509 -0.01540 -0.01604 -0.01668 -0.01742 -0.01788 -0.01814 -0.01788 -0.01742 -0.01668 -0.01604 -0.01540 -0.01509 -0.01489 
-0.01483 -0.01489 -0.01530 -0.01576 -0.01644 -0.01698 -0.01748 -0.01758 -0.01748 -0.01698 -0.01644 -0.01576 -0.01530 -0.01489 -0.01483 
--------------------z=13--------------------
-0.01362 -0.01375 -0.01386 -0.01419 -0.01443 -0.01476 -0.01489 -0.01502 -0.01489 -0.01476 -0.01443 -0.01419 -0.01386 -0.01375 -0.01362 
-0.01375 -0.01375 -0.01400 -0.01421 -0.01459 -0.01482 -0.01509 -0.01510 -0.01509 -0.01482 -0.01459 -0.01421 -0.01400 -0.01375 -0.01375 
-0.01386 -0.01400 -0.01415 -0.01453 -0.01483 -0.01522 -0.01540 -0.01555 -0.01540 -0.01522 -0.01483 -0.01453 -0.01415 -0.01400 -0.01386 
-0.01419 -0.01421 -0.01453 -0.01484 -0.01534 -0.01569 -0.01604 -0.01609 -0.01604 -0.01569 -0.01534 -0.01484 -0.01453 -0.01421 -0.01419 
-0.01443 -0.01459 -0.01483 -0.01534 -0.01580 -0.01637 -0.01668 -0.01688 -0.01668 -0.01637 -0.01580 -0.01534 -0.01483 -0.01459 -0.01443 
-0.01476 -0.01482 -0.01522 -0.01569 -0.01637 -0.01691 -0.01742 -0.01753 -0.01742 -0.01691 -0.01637 -0.01569 -0.01522 -0.01482 -0.01476 
-0.01489 -0.01509 -0.01540 -0.01604 -0.01668 -0.01742 -0.01788 -0.01814 -0.01788 -0.01742 -0.01668 -0.01604 -0.01540 -0.01509 -0.01489 
-0.01502 -0.01510 -0.01555 -0.01609 -0.01688 -0.01753 -0.01814 -0.01828 -0.01814 -0.01753 -0.01688 -0.01609 -0.01555 -0.01510 -0.01502 
-0.01489 -0.01509 -0.01540 -0.01604 -0.01668 -0.01742 -0.01788 -0.01814 -0.01788 -0.01742 -0.01668 -0.01604 -0.01540 -0.01509 -0.01489 
-0.01476 -0.01482 -0.01522 -0.01569 -0.01637 -0.01691 -0.01742 -0.01753 -0.01742 -0.01691 -0.01637 -0.01569 -0.01522 -0.01482 -0.01476 
-0.01443 -0.01459 -0.01483 -0.01534 -0.01580 -0.01637 -0.01668 -0.01688 -0.01668 -0.01637 -0.01580 -0.01534 -0.01483 -0.01459 -0.01443 
-0.01419 -0.01421 -0.01453 -0.01484 -0.01534 -0.01569 -0.01604 -0.01609 -0.01604 -0.01569 -0.01534 -0.01484 -0.01453 -0.01421 -0.01419 
-0.01386 -0.01400 -0.01415 -0.01453 -0.01483 -0.01522 -0.01540 -0.01555 -0.01540 -0.01522 -0.01483 -0.01453 -0.01415 -0.01400 -0.01386 
-0.01375 -0.01375 -0.01400 -0.01421 -0.01459 -0.01482 -0.01509 -0.01510 -0.01509 -0.01482 -0.01459 -0.01421 -0.01400 -0.01375 -0.01375 
-0.01362 -0.01375 -0.01386 -0.01419 -0.01443 -0.01476 -0.01489 -0.01502 -0.01489 -0.01476 -0.01443 -0.01419 -0.01386 -0.01375 -0.01362 
--------------------z=14--------------------
-0.01362 -0.01362 -0.01385 -0.01404 -0.01439 -0.01459 -0.01483 -0.01484 -0.01483 -0.01459 -0.01439 -0.01404 -0.01385 -0.01362 -0.01362 
-0.01362 -0.01375 -0.01386 -0.01419 -0.01443 -0.01476 -0.01489 -0.01502 -0.01489 -0.01476 -0.01443 -0.01419 -0.01386 -0.01375 -0.01362 
-0.01385 -0.01386 -0.01413 -0.01436 -0.01476 -0.01502 -0.01530 -0.01532 -0.01530 -0.01502 -0.01476 -0.01436 -0.01413 -0.01386 -0.01385 
-0.01404 -0.01419 -0.01436 -0.01477 -0.01512 -0.01555 -0.01576 -0.01592 -0.01576 -0.01555 -0.01512 -0.01477 -0.01436 -0.01419 -0.01404 
-0.01439 -0.01443 -0.01476 -0.01512 -0.01566 -0.01605 -0.01644 -0.01650 -0.01644 -0.01605 -0.01566 -0.01512 -0.01476 -0.01443 -0.01439 
-0.01459 -0.01476 -0.01502 -0.01555 -0.01605 -0.01665 -0.01698 -0.01719 -0.01698 -0.01665 -0.01605 -0.01555 -0.01502 -0.01476 -0.01459 
-0.01483 -0.01489 -0.01530 -0.01576 -0.01644 -0.01698 -0.01748 -0.01758 -0.01748 -0.01698 -0.01644 -0.01576 -0.01530 -0.01489 -0.01483 
-0.01484 -0.01502 -0.01532 -0.01592 -0.01650 -0.01719 -0.01758 -0.01782 -0.01758 -0.01719 -0.01650 -0.01592 -0.01532 -0.01502 -0.01484 
-0.01483 -0.01489 -0.01530 -0.01576 -0.01644 -0.01698 -0.01748 -0.01758 -0.01748 -0.01698 -0.01644 -0.01576 -0.01530 -0.01489 -0.01483 
-0.01459 -0.01476 -0.01502 -0.01555 -0.01605 -0.01665 -0.01698 -0.01719 -0.01698 -0.01665 -0.01605 -0.01555 -0.01502 -0.01476 -0.01459 
-0.01439 -0.01443 -0.01476 -0.01512 -0.01566 -0.01605 -0.01644 -0.01650 -0.01644 -0.01605 -0.01566 -0.01512 -0.01476 -0.01443 -0.01439 
-0.01404 -0.01419 -0.01436 -0.01477 -0.01512 -0.01555 -0.01576 -0.01592 -0.01576 -0.01555 -0.01512 -0.01477 -0.01436 -0.01419 -0.01404 
-0.01385 -0.01386 -0.01413 -0.01436 -0.01476 -0.01502 -0.01530 -0.01532 -0.01530 -0.01502 -0.01476 -0.01436 -0.01413 -0.01386 -0.01385 
-0.01362 -0.01375 -0.01386 -0.01419 -0.01443 -0.01476 -0.01489 -0.01502 -0.01489 -0.01476 -0.01443 -0.01419 -0.01386 -0.01375 -0.01362 
-0.01362 -0.01362 -0.01385 -0.01404 -0.01439 -0.01459 -0.01483 -0.01484 -0.01483 -0.01459 -0.01439 -0.01404 -0.01385 -0.01362 -0.01362 
