--------------------z=0--------------------
-0.00308 -0.00312 -0.00316 -0.00327 -0.00336 -0.00351 -0.00363 -0.00377 -0.00384 -0.00393 -0.00393 -0.00393 -0.00384 -0.00377 -0.00363 -0.00351 -0.00336 -0.00327 -0.00316 -0.00312 -0.00308 
-0.00312 -0.00312 -0.00320 -0.00327 -0.00341 -0.00352 -0.00368 -0.00378 -0.00390 -0.00395 -0.00399 -0.00395 -0.00390 -0.00378 -0.00368 -0.00352 -0.00341 -0.00327 -0.00320 -0.00312 -0.00312 
-0.00316 -0.00320 -0.00324 -0.00336 -0.00347 -0.00363 -0.00376 -0.00391 -0.00400 -0.00409 -0.00409 -0.00409 -0.00400 -0.00391 -0.00376 -0.00363 -0.00347 -0.00336 -0.00324 -0.00320 -0.00316 
-0.00327 -0.00327 -0.00336 -0.00345 -0.00361 -0.00375 -0.00393 -0.00406 -0.00420 -0.00426 -0.00431 -0.00426 -0.00420 -0.00406 -0.00393 -0.00375 -0.00361 -0.00345 -0.00336 -0.00327 -0.00327 
-0.00336 -0.00341 -0.00347 -0.00361 -0.00375 -0.00395 -0.00411 -0.00430 -0.00442 -0.00453 -0.00454 -0.00453 -0.00442 -0.00430 -0.00411 -0.00395 -0.00375 -0.00361 -0.00347 -0.00341 -0.00336 
-0.00351 -0.00352 -0.00363 -0.00375 -0.00395 -0.00413 -0.00436 -0.00453 -0.00471 -0.00479 -0.00485 -0.00479 -0.00471 -0.00453 -0.00436 -0.00413 -0.00395 -0.00375 -0.00363 -0.00352 -0.00351 
-0.00363 -0.00368 -0.00376 -0.00393 -0.00411 -0.00436 -0.00458 -0.00482 -0.00498 -0.00512 -0.00514 -0.00512 -0.00498 -0.00482 -0.00458 -0.00436 -0.00411 -0.00393 -0.00376 -0.00368 -0.00363 
-0.00377 -0.00378 -0.00391 -0.00406 -0.00430 -0.00453 -0.00482 -0.00504 -0.00527 -0.00538 -0.00545 -0.00538 -0.00527 -0.00504 -0.00482 -0.00453 -0.00430 -0.00406 -0.00391 -0.00378 -0.00377 
-0.00384 -0.00390 -0.00400 -0.00420 -0.00442 -0.00471 -0.00498 -0.00527 -0.00547 -0.00563 -0.00566 -0.00563 -0.00547 -0.00527 -0.00498 -0.00471 -0.00442 -0.00420 -0.00400 -0.00390 -0.00384 
-0.00393 -0.00395 -0.00409 -0.00426 -0.00453 -0.00479 -0.00512 -0.00538 -0.00563 -0.00577 -0.00584 -0.00577 -0.00563 -0.00538 -0.00512 -0.00479 -0.00453 -0.00426 -0.00409 -0.00395 -0.00393 
-0.00393 -0.00399 -0.00409 -0.00431 -0.00454 -0.00485 -0.00514 -0.00545 -0.00566 -0.00584 -0.00588 -0.00584 -0.00566 -0.00545 -0.00514 -0.00485 -0.00454 -0.00431 -0.00409 -0.00399 -0.00393 
-0.00393 -0.00395 -0.00409 -0.00426 -0.00453 -0.00479 -0.00512 -0.00538 -0.00563 -0.00577 -0.00584 -0.00577 -0.00563 -0.00538 -0.00512 -0.00479 -0.00453 -0.00426 -0.00409 -0.00395 -0.00393 
-0.00384 -0.00390 -0.00400 -0.00420 -0.00442 -0.00471 -0.00498 -0.00527 -0.00547 -0.00563 -0.00566 -0.00563 -0.00547 -0.00527 -0.00498 -0.00471 -0.00442 -0.00420 -0.00400 -0.00390 -0.00384 
-0.00377 -0.00378 -0.00391 -0.00406 -0.00430 -0.00453 -0.00482 -0.00504 -0.00527 -0.00538 -0.00545 -0.00538 -0.00527 -0.00504 -0.00482 -0.00453 -0.00430 -0.00406 -0.00391 -0.00378 -0.00377 
-0.00363 -0.00368 -0.00376 -0.00393 -0.00411 -0.00436 -0.00458 -0.00482 -0.00498 -0.00512 -0.00514 -0.00512 -0.00498 -0.00482 -0.00458 -0.00436 -0.00411 -0.00393 -0.00376 -0.00368 -0.00363 
-0.00351 -0.00352 -0.00363 -0.00375 -0.00395 -0.00413 -0.00436 -0.00453 -0.00471 -0.00479 -0.00485 -0.00479 -0.00471 -0.00453 -0.00436 -0.00413 -0.00395 -0.00375 -0.00363 -0.00352 -0.00351 
-0.00336 -0.00341 -0.00347 -0.00361 -0.00375 -0.00395 -0.00411 -0.00430 -0.00442 -0.00453 -0.00454 -0.00453 -0.00442 -0.00430 -0.00411 -0.00395 -0.00375 -0.00361 -0.00347 -0.00341 -0.00336 
-0.00327 -0.00327 -0.00336 -0.00345 -0.00361 -0.00375 -0.00393 -0.00406 -0.00420 -0.00426 -0.00431 -0.00426 -0.00420 -0.00406 -0.00393 -0.00375 -0.00361 -0.00345 -0.00336 -0.00327 -0.00327 
-0.00316 -0.00320 -0.00324 -0.00336 -0.00347 -0.00363 -0.00376 -0.00391 -0.00400 -0.00409 -0.00409 -0.00409 -0.00400 -0.00391 -0.00376 -0.00363 -0.00347 -0.00336 -0.00324 -0.00320 -0.00316 
-0.00312 -0.00312 -0.00320 -0.00327 -0.00341 -0.00352 -0.00368 -0.00378 -0.00390 -0.00395 -0.00399 -0.00395 -0.00390 -0.00378 -0.00368 -0.00352 -0.00341 -0.00327 -0.00320 -0.00312 -0.00312 
-0.00308 -0.00312 -0.00316 -0.00327 -0.00336 -0.00351 -0.00363 -0.00377 -0.00384 -0.00393 -0.00393 -0.00393 -0.00384 -0.00377 -0.00363 -0.00351 -0.00336 -0.00327 -0.00316 -0.00312 -0.00308 
--------------------z=1--------------------
-0.00312 -0.00312 -0.00320 -0.00327 -0.00341 -0.00352 -0.00368 -0.00378 -0.00390 -0.00395 -0.00399 -0.00395 -0.00390 -0.00378 -0.00368 -0.00352 -0.00341 -0.00327 -0.00320 -0.00312 -0.00312 
-0.00312 -0.00316 -0.00320 -0.00332 -0.00342 -0.00358 -0.00369 -0.00384 -0.00392 -0.00401 -0.00401 -0.00401 -0.00392 -0.00384 -0.00369 -0.00358 -0.00342 -0.00332 -0.00320 -0.00316 -0.00312 
-0.00320 -0.00320 -0.00329 -0.00337 -0.00352 -0.00365 -0.00382 -0.00393 -0.00406 -0.00411 -0.00416 -0.00411 -0.00406 -0.00393 -0.00382 -0.00365 -0.00352 -0.00337 -0.00329 -0.00320 -0.00320 
-0.00327 -0.00332 -0.00337 -0.00350 -0.00363 -0.00381 -0.00396 -0.00413 -0.00424 -0.00434 -0.00434 -0.00434 -0.00424 -0.00413 -0.00396 -0.00381 -0.00363 -0.00350 -0.00337 -0.00332 -0.00327 
-0.00341 -0.00342 -0.00352 -0.00363 -0.00381 -0.00398 -0.00419 -0.00434 -0.00451 -0.00458 -0.00463 -0.00458 -0.00451 -0.00434 -0.00419 -0.00398 -0.00381 -0.00363 -0.00352 -0.00342 -0.00341 
-0.00352 -0.00358 -0.00365 -0.00381 -0.00398 -0.00421 -0.00441 -0.00463 -0.00478 -0.00491 -0.00492 -0.00491 -0.00478 -0.00463 -0.00441 -0.00421 -0.00398 -0.00381 -0.00365 -0.00358 -0.00352 
-0.00368 -0.00369 -0.00382 -0.00396 -0.00419 -0.00441 -0.00468 -0.00489 -0.00510 -0.00520 -0.00527 -0.00520 -0.00510 -0.00489 -0.00468 -0.00441 -0.00419 -0.00396 -0.00382 -0.00369 -0.00368 
-0.00378 -0.00384 -0.00393 -0.00413 -0.00434 -0.00463 -0.00489 -0.00517 -0.00537 -0.00553 -0.00556 -0.00553 -0.00537 -0.00517 -0.00489 -0.00463 -0.00434 -0.00413 -0.00393 -0.00384 -0.00378 
-0.00390 -0.00392 -0.00406 -0.00424 -0.00451 -0.00478 -0.00510 -0.00537 -0.00563 -0.00576 -0.00584 -0.00576 -0.00563 -0.00537 -0.00510 -0.00478 -0.00451 -0.00424 -0.00406 -0.00392 -0.00390 
-0.00395 -0.00401 -0.00411 -0.00434 -0.00458 -0.00491 -0.00520 -0.00553 -0.00576 -0.00595 -0.00599 -0.00595 -0.00576 -0.00553 -0.00520 -0.00491 -0.00458 -0.00434 -0.00411 -0.00401 -0.00395 
-0.00399 -0.00401 -0.00416 -0.00434 -0.00463 -0.00492 -0.00527 -0.00556 -0.00584 -0.00599 -0.00607 -0.00599 -0.00584 -0.00556 -0.00527 -0.00492 -0.00463 -0.00434 -0.00416 -0.00401 -0.00399 
-0.00395 -0.00401 -0.00411 -0.00434 -0.00458 -0.00491 -0.00520 -0.00553 -0.00576 -0.00595 -0.00599 -0.00595 -0.00576 -0.00553 -0.00520 -0.00491 -0.00458 -0.00434 -0.00411 -0.00401 -0.00395 
-0.00390 -0.00392 -0.00406 -0.00424 -0.00451 -0.00478 -0.00510 -0.00537 -0.00563 -0.00576 -0.00584 -0.00576 -0.00563 -0.00537 -0.00510 -0.00478 -0.00451 -0.00424 -0.00406 -0.00392 -0.00390 
-0.00378 -0.00384 -0.00393 -0.00413 -0.00434 -0.00463 -0.00489 -0.00517 -0.00537 -0.00553 -0.00556 -0.00553 -0.00537 -0.00517 -0.00489 -0.00463 -0.00434 -0.00413 -0.00393 -0.00384 -0.00378 
-0.00368 -0.00369 -0.00382 -0.00396 -0.00419 -0.00441 -0.00468 -0.00489 -0.00510 -0.00520 -0.00527 -0.00520 -0.00510 -0.00489 -0.00468 -0.00441 -0.00419 -0.00396 -0.00382 -0.00369 -0.00368 
-0.00352 -0.00358 -0.00365 -0.00381 -0.00398 -0.00421 -0.00441 -0.00463 -0.00478 -0.00491 -0.00492 -0.00491 -0.00478 -0.00463 -0.00441 -0.00421 -0.00398 -0.00381 -0.00365 -0.00358 -0.00352 
-0.00341 -0.00342 -0.00352 -0.00363 -0.00381 -0.00398 -0.00419 -0.00434 -0.00451 -0.00458 -0.00463 -0.00458 -0.00451 -0.00434 -0.00419 -0.00398 -0.00381 -0.00363 -0.00352 -0.00342 -0.00341 
-0.00327 -0.00332 -0.00337 -0.00350 -0.00363 -0.00381 -0.00396 -0.00413 -0.00424 -0.00434 -0.00434 -0.00434 -0.00424 -0.00413 -0.00396 -0.00381 -0.00363 -0.00350 -0.00337 -0.00332 -0.00327 
-0.00320 -0.00320 -0.00329 -0.00337 -0.00352 -0.00365 -0.00382 -0.00393 -0.00406 -0.00411 -0.00416 -0.00411 -0.00406 -0.00393 -0.00382 -0.00365 -0.00352 -0.00337 -0.00329 -0.00320 -0.00320 
-0.00312 -0.00316 -0.00320 -0.00332 -0.00342 -0.00358 -0.00369 -0.00384 -0.00392 -0.00401 -0.00401 -0.00401 -0.00392 -0.00384 -0.00369 -0.00358 -0.00342 -0.00332 -0.00320 -0.00316 -0.00312 
-0.00312 -0.00312 -0.00320 -0.00327 -0.00341 -0.00352 -0.00368 -0.00378 -0.00390 -0.00395 -0.00399 -0.00395 -0.00390 -0.00378 -0.00368 -0.00352 -0.00341 -0.00327 -0.00320 -0.00312 -0.00312 
--------------------z=2--------------------
-0.00316 -0.00320 -0.00324 -0.00336 -0.00347 -0.00363 -0.00376 -0.00391 -0.00400 -0.00409 -0.00409 -0.00409 -0.00400 -0.00391 -0.00376 -0.00363 -0.00347 -0.00336 -0.00324 -0.00320 -0.00316 
-0.00320 -0.00320 -0.00329 -0.00337 -0.00352 -0.00365 -0.00382 -0.00393 -0.00406 -0.00411 -0.00416 -0.00411 -0.00406 -0.00393 -0.00382 -0.00365 -0.00352 -0.00337 -0.00329 -0.00320 -0.00320 
-0.00324 -0.00329 -0.00334 -0.00347 -0.00359 -0.00377 -0.00391 -0.00408 -0.00418 -0.00428 -0.00429 -0.00428 -0.00418 -0.00408 -0.00391 -0.00377 -0.00359 -0.00347 -0.00334 -0.00329 -0.00324 
-0.00336 -0.00337 -0.00347 -0.00357 -0.00375 -0.00391 -0.00411 -0.00426 -0.00442 -0.00449 -0.00454 -0.00449 -0.00442 -0.00426 -0.00411 -0.00391 -0.00375 -0.00357 -0.00347 -0.00337 -0.00336 
-0.00347 -0.00352 -0.00359 -0.00375 -0.00391 -0.00413 -0.00433 -0.00455 -0.00469 -0.00482 -0.00483 -0.00482 -0.00469 -0.00455 -0.00433 -0.00413 -0.00391 -0.00375 -0.00359 -0.00352 -0.00347 
-0.00363 -0.00365 -0.00377 -0.00391 -0.00413 -0.00435 -0.00462 -0.00483 -0.00505 -0.00515 -0.00522 -0.00515 -0.00505 -0.00483 -0.00462 -0.00435 -0.00413 -0.00391 -0.00377 -0.00365 -0.00363 
-0.00376 -0.00382 -0.00391 -0.00411 -0.00433 -0.00462 -0.00489 -0.00518 -0.00539 -0.00556 -0.00559 -0.00556 -0.00539 -0.00518 -0.00489 -0.00462 -0.00433 -0.00411 -0.00391 -0.00382 -0.00376 
-0.00391 -0.00393 -0.00408 -0.00426 -0.00455 -0.00483 -0.00518 -0.00547 -0.00576 -0.00591 -0.00599 -0.00591 -0.00576 -0.00547 -0.00518 -0.00483 -0.00455 -0.00426 -0.00408 -0.00393 -0.00391 
-0.00400 -0.00406 -0.00418 -0.00442 -0.00469 -0.00505 -0.00539 -0.00576 -0.00603 -0.00625 -0.00630 -0.00625 -0.00603 -0.00576 -0.00539 -0.00505 -0.00469 -0.00442 -0.00418 -0.00406 -0.00400 
-0.00409 -0.00411 -0.00428 -0.00449 -0.00482 -0.00515 -0.00556 -0.00591 -0.00625 -0.00644 -0.00654 -0.00644 -0.00625 -0.00591 -0.00556 -0.00515 -0.00482 -0.00449 -0.00428 -0.00411 -0.00409 
-0.00409 -0.00416 -0.00429 -0.00454 -0.00483 -0.00522 -0.00559 -0.00599 -0.00630 -0.00654 -0.00659 -0.00654 -0.00630 -0.00599 -0.00559 -0.00522 -0.00483 -0.00454 -0.00429 -0.00416 -0.00409 
-0.00409 -0.00411 -0.00428 -0.00449 -0.00482 -0.00515 -0.00556 -0.00591 -0.00625 -0.00644 -0.00654 -0.00644 -0.00625 -0.00591 -0.00556 -0.00515 -0.00482 -0.00449 -0.00428 -0.00411 -0.00409 
-0.00400 -0.00406 -0.00418 -0.00442 -0.00469 -0.00505 -0.00539 -0.00576 -0.00603 -0.00625 -0.00630 -0.00625 -0.00603 -0.00576 -0.00539 -0.00505 -0.00469 -0.00442 -0.00418 -0.00406 -0.00400 
-0.00391 -0.00393 -0.00408 -0.00426 -0.00455 -0.00483 -0.00518 -0.00547 -0.00576 -0.00591 -0.00599 -0.00591 -0.00576 -0.00547 -0.00518 -0.00483 -0.00455 -0.00426 -0.00408 -0.00393 -0.00391 
-0.00376 -0.00382 -0.00391 -0.00411 -0.00433 -0.00462 -0.00489 -0.00518 -0.00539 -0.00556 -0.00559 -0.00556 -0.00539 -0.00518 -0.00489 -0.00462 -0.00433 -0.00411 -0.00391 -0.00382 -0.00376 
-0.00363 -0.00365 -0.00377 -0.00391 -0.00413 -0.00435 -0.00462 -0.00483 -0.00505 -0.00515 -0.00522 -0.00515 -0.00505 -0.00483 -0.00462 -0.00435 -0.00413 -0.00391 -0.00377 -0.00365 -0.00363 
-0.00347 -0.00352 -0.00359 -0.00375 -0.00391 -0.00413 -0.00433 -0.00455 -0.00469 -0.00482 -0.00483 -0.00482 -0.00469 -0.00455 -0.00433 -0.00413 -0.00391 -0.00375 -0.00359 -0.00352 -0.00347 
-0.00336 -0.00337 -0.00347 -0.00357 -0.00375 -0.00391 -0.00411 -0.00426 -0.00442 -0.00449 -0.00454 -0.00449 -0.00442 -0.00426 -0.00411 -0.00391 -0.00375 -0.00357 -0.00347 -0.00337 -0.00336 
-0.00324 -0.00329 -0.00334 -0.00347 -0.00359 -0.00377 -0.00391 -0.00408 -0.00418 -0.00428 -0.00429 -0.00428 -0.00418 -0.00408 -0.00391 -0.00377 -0.00359 -0.00347 -0.00334 -0.00329 -0.00324 
-0.00320 -0.00320 -0.00329 -0.00337 -0.00352 -0.00365 -0.00382 -0.00393 -0.00406 -0.00411 -0.00416 -0.00411 -0.00406 -0.00393 -0.00382 -0.00365 -0.00352 -0.00337 -0.00329 -0.00320 -0.00320 
-0.00316 -0.00320 -0.00324 -0.00336 -0.00347 -0.00363 -0.00376 -0.00391 -0.00400 -0.00409 -0.00409 -0.00409 -0.00400 -0.00391 -0.00376 -0.00363 -0.00347 -0.00336 -0.00324 -0.00320 -0.00316 
--------------------z=3--------------------
-0.00327 -0.00327 -0.00336 -0.00345 -0.00361 -0.00375 -0.00393 -0.00406 -0.00420 -0.00426 -0.00431 -0.00426 -0.00420 -0.00406 -0.00393 -0.00375 -0.00361 -0.00345 -0.00336 -0.00327 -0.00327 
-0.00327 -0.00332 -0.00337 -0.00350 -0.00363 -0.00381 -0.00396 -0.00413 -0.00424 -0.00434 -0.00434 -0.00434 -0.00424 -0.00413 -0.00396 -0.00381 -0.00363 -0.00350 -0.00337 -0.00332 -0.00327 
-0.00336 -0.00337 -0.00347 -0.00357 -0.00375 -0.00391 -0.00411 -0.00426 -0.00442 -0.00449 -0.00454 -0.00449 -0.00442 -0.00426 -0.00411 -0.00391 -0.00375 -0.00357 -0.00347 -0.00337 -0.00336 
-0.00345 -0.00350 -0.00357 -0.00373 -0.00389 -0.00411 -0.00431 -0.00452 -0.00467 -0.00479 -0.00481 -0.00479 -0.00467 -0.00452 -0.00431 -0.00411 -0.00389 -0.00373 -0.00357 -0.00350 -0.00345 
-0.00361 -0.00363 -0.00375 -0.00389 -0.00412 -0.00434 -0.00461 -0.00483 -0.00504 -0.00515 -0.00522 -0.00515 -0.00504 -0.00483 -0.00461 -0.00434 -0.00412 -0.00389 -0.00375 -0.00363 -0.00361 
-0.00375 -0.00381 -0.00391 -0.00411 -0.00434 -0.00464 -0.00492 -0.00523 -0.00545 -0.00563 -0.00566 -0.00563 -0.00545 -0.00523 -0.00492 -0.00464 -0.00434 -0.00411 -0.00391 -0.00381 -0.00375 
-0.00393 -0.00396 -0.00411 -0.00431 -0.00461 -0.00492 -0.00530 -0.00562 -0.00593 -0.00611 -0.00620 -0.00611 -0.00593 -0.00562 -0.00530 -0.00492 -0.00461 -0.00431 -0.00411 -0.00396 -0.00393 
-0.00406 -0.00413 -0.00426 -0.00452 -0.00483 -0.00523 -0.00562 -0.00605 -0.00637 -0.00663 -0.00669 -0.00663 -0.00637 -0.00605 -0.00562 -0.00523 -0.00483 -0.00452 -0.00426 -0.00413 -0.00406 
-0.00420 -0.00424 -0.00442 -0.00467 -0.00504 -0.00545 -0.00593 -0.00637 -0.00679 -0.00705 -0.00717 -0.00705 -0.00679 -0.00637 -0.00593 -0.00545 -0.00504 -0.00467 -0.00442 -0.00424 -0.00420 
-0.00426 -0.00434 -0.00449 -0.00479 -0.00515 -0.00563 -0.00611 -0.00663 -0.00705 -0.00737 -0.00746 -0.00737 -0.00705 -0.00663 -0.00611 -0.00563 -0.00515 -0.00479 -0.00449 -0.00434 -0.00426 
-0.00431 -0.00434 -0.00454 -0.00481 -0.00522 -0.00566 -0.00620 -0.00669 -0.00717 -0.00746 -0.00760 -0.00746 -0.00717 -0.00669 -0.00620 -0.00566 -0.00522 -0.00481 -0.00454 -0.00434 -0.00431 
-0.00426 -0.00434 -0.00449 -0.00479 -0.00515 -0.00563 -0.00611 -0.00663 -0.00705 -0.00737 -0.00746 -0.00737 -0.00705 -0.00663 -0.00611 -0.00563 -0.00515 -0.00479 -0.00449 -0.00434 -0.00426 
-0.00420 -0.00424 -0.00442 -0.00467 -0.00504 -0.00545 -0.00593 -0.00637 -0.00679 -0.00705 -0.00717 -0.00705 -0.00679 -0.00637 -0.00593 -0.00545 -0.00504 -0.00467 -0.00442 -0.00424 -0.00420 
-0.00406 -0.00413 -0.00426 -0.00452 -0.00483 -0.00523 -0.00562 -0.00605 -0.00637 -0.00663 -0.00669 -0.00663 -0.00637 -0.00605 -0.00562 -0.00523 -0.00483 -0.00452 -0.00426 -0.00413 -0.00406 
-0.00393 -0.00396 -0.00411 -0.00431 -0.00461 -0.00492 -0.00530 -0.00562 -0.00593 -0.00611 -0.00620 -0.00611 -0.00593 -0.00562 -0.00530 -0.00492 -0.00461 -0.00431 -0.00411 -0.00396 -0.00393 
-0.00375 -0.00381 -0.00391 -0.00411 -0.00434 -0.00464 -0.00492 -0.00523 -0.00545 -0.00563 -0.00566 -0.00563 -0.00545 -0.00523 -0.00492 -0.00464 -0.00434 -0.00411 -0.00391 -0.00381 -0.00375 
-0.00361 -0.00363 -0.00375 -0.00389 -0.00412 -0.00434 -0.00461 -0.00483 -0.00504 -0.00515 -0.00522 -0.00515 -0.00504 -0.00483 -0.00461 -0.00434 -0.00412 -0.00389 -0.00375 -0.00363 -0.00361 
-0.00345 -0.00350 -0.00357 -0.00373 -0.00389 -0.00411 -0.00431 -0.00452 -0.00467 -0.00479 -0.00481 -0.00479 -0.00467 -0.00452 -0.00431 -0.00411 -0.00389 -0.00373 -0.00357 -0.00350 -0.00345 
-0.00336 -0.00337 -0.00347 -0.00357 -0.00375 -0.00391 -0.00411 -0.00426 -0.00442 -0.00449 -0.00454 -0.00449 -0.00442 -0.00426 -0.00411 -0.00391 -0.00375 -0.00357 -0.00347 -0.00337 -0.00336 
-0.00327 -0.00332 -0.00337 -0.00350 -0.00363 -0.00381 -0.00396 -0.00413 -0.00424 -0.00434 -0.00434 -0.00434 -0.00424 -0.00413 -0.00396 -0.00381 -0.00363 -0.00350 -0.00337 -0.00332 -0.00327 
-0.00327 -0.00327 -0.00336 -0.00345 -0.00361 -0.00375 -0.00393 -0.00406 -0.00420 -0.00426 -0.00431 -0.00426 -0.00420 -0.00406 -0.00393 -0.00375 -0.00361 -0.00345 -0.00336 -0.00327 -0.00327 
--------------------z=9--------------------
-0.00393 -0.00395 -0.00409 -0.00426 -0.00453 -0.00479 -0.00512 -0.00538 -0.00563 -0.00577 -0.00584 -0.00577 -0.00563 -0.00538 -0.00512 -0.00479 -0.00453 -0.00426 -0.00409 -0.00395 -0.00393 
-0.00395 -0.00401 -0.00411 -0.00434 -0.00458 -0.00491 -0.00520 -0.00553 -0.00576 -0.00595 -0.00599 -0.00595 -0.00576 -0.00553 -0.00520 -0.00491 -0.00458 -0.00434 -0.00411 -0.00401 -0.00395 
-0.00409 -0.00411 -0.00428 -0.00449 -0.00482 -0.00515 -0.00556 -0.00591 -0.00625 -0.00644 -0.00654 -0.00644 -0.00625 -0.00591 -0.00556 -0.00515 -0.00482 -0.00449 -0.00428 -0.00411 -0.00409 
-0.00426 -0.00434 -0.00449 -0.00479 -0.00515 -0.00563 -0.00611 -0.00663 -0.00705 -0.00737 -0.00746 -0.00737 -0.00705 -0.00663 -0.00611 -0.00563 -0.00515 -0.00479 -0.00449 -0.00434 -0.00426 
-0.00453 -0.00458 -0.00482 -0.00515 -0.00566 -0.00624 -0.00695 -0.00765 -0.00832 -0.00878 -0.00897 -0.00878 -0.00832 -0.00765 -0.00695 -0.00624 -0.00566 -0.00515 -0.00482 -0.00458 -0.00453 
-0.00479 -0.00491 -0.00515 -0.00563 -0.00624 -0.00708 -0.00803 -0.00911 -0.01012 -0.01095 -0.01124 -0.01095 -0.01012 -0.00911 -0.00803 -0.00708 -0.00624 -0.00563 -0.00515 -0.00491 -0.00479 
-0.00512 -0.00520 -0.00556 -0.00611 -0.00695 -0.00803 -0.00943 -0.01102 -0.01274 -0.01417 -0.01483 -0.01417 -0.01274 -0.01102 -0.00943 -0.00803 -0.00695 -0.00611 -0.00556 -0.00520 -0.00512 
-0.00538 -0.00553 -0.00591 -0.00663 -0.00765 -0.00911 -0.01102 -0.01349 -0.01636 -0.01919 -0.02064 -0.01919 -0.01636 -0.01349 -0.01102 -0.00911 -0.00765 -0.00663 -0.00591 -0.00553 -0.00538 
-0.00563 -0.00576 -0.00625 -0.00705 -0.00832 -0.01012 -0.01274 -0.01636 -0.02127 -0.02699 -0.03096 -0.02699 -0.02127 -0.01636 -0.01274 -0.01012 -0.00832 -0.00705 -0.00625 -0.00576 -0.00563 
-0.00577 -0.00595 -0.00644 -0.00737 -0.00878 -0.01095 -0.01417 -0.01919 -0.02699 -0.03856 -0.05013 -0.03856 -0.02699 -0.01919 -0.01417 -0.01095 -0.00878 -0.00737 -0.00644 -0.00595 -0.00577 
-0.00584 -0.00599 -0.00654 -0.00746 -0.00897 -0.01124 -0.01483 -0.02064 -0.03096 -0.05013 -0.08101 -0.05013 -0.03096 -0.02064 -0.01483 -0.01124 -0.00897 -0.00746 -0.00654 -0.00599 -0.00584 
-0.00577 -0.00595 -0.00644 -0.00737 -0.00878 -0.01095 -0.01417 -0.01919 -0.02699 -0.03856 -0.05013 -0.03856 -0.02699 -0.01919 -0.01417 -0.01095 -0.00878 -0.00737 -0.00644 -0.00595 -0.00577 
-0.00563 -0.00576 -0.00625 -0.00705 -0.00832 -0.01012 -0.01274 -0.01636 -0.02127 -0.02699 -0.03096 -0.02699 -0.02127 -0.01636 -0.01274 -0.01012 -0.00832 -0.00705 -0.00625 -0.00576 -0.00563 
-0.00538 -0.00553 -0.00591 -0.00663 -0.00765 -0.00911 -0.01102 -0.01349 -0.01636 -0.01919 -0.02064 -0.01919 -0.01636 -0.01349 -0.01102 -0.00911 -0.00765 -0.00663 -0.00591 -0.00553 -0.00538 
-0.00512 -0.00520 -0.00556 -0.00611 -0.00695 -0.00803 -0.00943 -0.01102 -0.01274 -0.01417 -0.01483 -0.01417 -0.01274 -0.01102 -0.00943 -0.00803 -0.00695 -0.00611 -0.00556 -0.00520 -0.00512 
-0.00479 -0.00491 -0.00515 -0.00563 -0.00624 -0.00708 -0.00803 -0.00911 -0.01012 -0.01095 -0.01124 -0.01095 -0.01012 -0.00911 -0.00803 -0.00708 -0.00624 -0.00563 -0.00515 -0.00491 -0.00479 
-0.00453 -0.00458 -0.00482 -0.00515 -0.00566 -0.00624 -0.00695 -0.00765 -0.00832 -0.00878 -0.00897 -0.00878 -0.00832 -0.00765 -0.00695 -0.00624 -0.00566 -0.00515 -0.00482 -0.00458 -0.00453 
-0.00426 -0.00434 -0.00449 -0.00479 -0.00515 -0.00563 -0.00611 -0.00663 -0.00705 -0.00737 -0.00746 -0.00737 -0.00705 -0.00663 -0.00611 -0.00563 -0.00515 -0.00479 -0.00449 -0.00434 -0.00426 
-0.00409 -0.00411 -0.00428 -0.00449 -0.00482 -0.00515 -0.00556 -0.00591 -0.00625 -0.00644 -0.00654 -0.00644 -0.00625 -0.00591 -0.00556 -0.00515 -0.00482 -0.00449 -0.00428 -0.00411 -0.00409 
-0.00395 -0.00401 -0.00411 -0.00434 -0.00458 -0.00491 -0.00520 -0.00553 -0.00576 -0.00595 -0.00599 -0.00595 -0.00576 -0.00553 -0.00520 -0.00491 -0.00458 -0.00434 -0.00411 -0.00401 -0.00395 
-0.00393 -0.00395 -0.00409 -0.00426 -0.00453 -0.00479 -0.00512 -0.00538 -0.00563 -0.00577 -0.00584 -0.00577 -0.00563 -0.00538 -0.00512 -0.00479 -0.00453 -0.00426 -0.00409 -0.00395 -0.00393 
--------------------z=10--------------------
-0.00393 -0.00399 -0.00409 -0.00431 -0.00454 -0.00485 -0.00514 -0.00545 -0.00566 -0.00584 -0.00588 -0.00584 -0.00566 -0.00545 -0.00514 -0.00485 -0.00454 -0.00431 -0.00409 -0.00399 -0.00393 
-0.00399 -0.00401 -0.00416 -0.00434 -0.00463 -0.00492 -0.00527 -0.00556 -0.00584 -0.00599 -0.00607 -0.00599 -0.00584 -0.00556 -0.00527 -0.00492 -0.00463 -0.00434 -0.00416 -0.00401 -0.00399 
-0.00409 -0.00416 -0.00429 -0.00454 -0.00483 -0.00522 -0.00559 -0.00599 -0.00630 -0.00654 -0.00659 -0.00654 -0.00630 -0.00599 -0.00559 -0.00522 -0.00483 -0.00454 -0.00429 -0.00416 -0.00409 
-0.00431 -0.00434 -0.00454 -0.00481 -0.00522 -0.00566 -0.00620 -0.00669 -0.00717 -0.00746 -0.00760 -0.00746 -0.00717 -0.00669 -0.00620 -0.00566 -0.00522 -0.00481 -0.00454 -0.00434 -0.00431 
-0.00454 -0.00463 -0.00483 -0.00522 -0.00570 -0.00634 -0.00703 -0.00779 -0.00845 -0.00897 -0.00914 -0.00897 -0.00845 -0.00779 -0.00703 -0.00634 -0.00570 -0.00522 -0.00483 -0.00463 -0.00454 
-0.00485 -0.00492 -0.00522 -0.00566 -0.00634 -0.00716 -0.00819 -0.00928 -0.01040 -0.01124 -0.01161 -0.01124 -0.01040 -0.00928 -0.00819 -0.00716 -0.00634 -0.00566 -0.00522 -0.00492 -0.00485 
-0.00514 -0.00527 -0.00559 -0.00620 -0.00703 -0.00819 -0.00961 -0.01135 -0.01318 -0.01483 -0.01555 -0.01483 -0.01318 -0.01135 -0.00961 -0.00819 -0.00703 -0.00620 -0.00559 -0.00527 -0.00514 
-0.00545 -0.00556 -0.00599 -0.00669 -0.00779 -0.00928 -0.01135 -0.01400 -0.01728 -0.02064 -0.02267 -0.02064 -0.01728 -0.01400 -0.01135 -0.00928 -0.00779 -0.00669 -0.00599 -0.00556 -0.00545 
-0.00566 -0.00584 -0.00630 -0.00717 -0.00845 -0.01040 -0.01318 -0.01728 -0.02313 -0.03096 -0.03788 -0.03096 -0.02313 -0.01728 -0.01318 -0.01040 -0.00845 -0.00717 -0.00630 -0.00584 -0.00566 
-0.00584 -0.00599 -0.00654 -0.00746 -0.00897 -0.01124 -0.01483 -0.02064 -0.03096 -0.05013 -0.08101 -0.05013 -0.03096 -0.02064 -0.01483 -0.01124 -0.00897 -0.00746 -0.00654 -0.00599 -0.00584 
-0.00588 -0.00607 -0.00659 -0.00760 -0.00914 -0.01161 -0.01555 -0.02267 -0.03788 -0.08101 -0.24763 -0.08101 -0.03788 -0.02267 -0.01555 -0.01161 -0.00914 -0.00760 -0.00659 -0.00607 -0.00588 
-0.00584 -0.00599 -0.00654 -0.00746 -0.00897 -0.01124 -0.01483 -0.02064 -0.03096 -0.05013 -0.08101 -0.05013 -0.03096 -0.02064 -0.01483 -0.01124 -0.00897 -0.00746 -0.00654 -0.00599 -0.00584 
-0.00566 -0.00584 -0.00630 -0.00717 -0.00845 -0.01040 -0.01318 -0.01728 -0.02313 -0.03096 -0.03788 -0.03096 -0.02313 -0.01728 -0.01318 -0.01040 -0.00845 -0.00717 -0.00630 -0.00584 -0.00566 
-0.00545 -0.00556 -0.00599 -0.00669 -0.00779 -0.00928 -0.01135 -0.01400 -0.01728 -0.02064 -0.02267 -0.02064 -0.01728 -0.01400 -0.01135 -0.00928 -0.00779 -0.00669 -0.00599 -0.00556 -0.00545 
-0.00514 -0.00527 -0.00559 -0.00620 -0.00703 -0.00819 -0.00961 -0.01135 -0.01318 -0.01483 -0.01555 -0.01483 -0.01318 -0.01135 -0.00961 -0.00819 -0.00703 -0.00620 -0.00559 -0.00527 -0.00514 
-0.00485 -0.00492 -0.00522 -0.00566 -0.00634 -0.00716 -0.00819 -0.00928 -0.01040 -0.01124 -0.01161 -0.01124 -0.01040 -0.00928 -0.00819 -0.00716 -0.00634 -0.00566 -0.00522 -0.00492 -0.00485 
-0.00454 -0.00463 -0.00483 -0.00522 -0.00570 -0.00634 -0.00703 -0.00779 -0.00845 -0.00897 -0.00914 -0.00897 -0.00845 -0.00779 -0.00703 -0.00634 -0.00570 -0.00522 -0.00483 -0.00463 -0.00454 
-0.00431 -0.00434 -0.00454 -0.00481 -0.00522 -0.00566 -0.00620 -0.00669 -0.00717 -0.00746 -0.00760 -0.00746 -0.00717 -0.00669 -0.00620 -0.00566 -0.00522 -0.00481 -0.00454 -0.00434 -0.00431 
-0.00409 -0.00416 -0.00429 -0.00454 -0.00483 -0.00522 -0.00559 -0.00599 -0.00630 -0.00654 -0.00659 -0.00654 -0.00630 -0.00599 -0.00559 -0.00522 -0.00483 -0.00454 -0.00429 -0.00416 -0.00409 
-0.00399 -0.00401 -0.00416 -0.00434 -0.00463 -0.00492 -0.00527 -0.00556 -0.00584 -0.00599 -0.00607 -0.00599 -0.00584 -0.00556 -0.00527 -0.00492 -0.00463 -0.00434 -0.00416 -0.00401 -0.00399 
-0.00393 -0.00399 -0.00409 -0.00431 -0.00454 -0.00485 -0.00514 -0.00545 -0.00566 -0.00584 -0.00588 -0.00584 -0.00566 -0.00545 -0.00514 -0.00485 -0.00454 -0.00431 -0.00409 -0.00399 -0.00393 
--------------------z=11--------------------
-0.00393 -0.00395 -0.00409 -0.00426 -0.00453 -0.00479 -0.00512 -0.00538 -0.00563 -0.00577 -0.00584 -0.00577 -0.00563 -0.00538 -0.00512 -0.00479 -0.00453 -0.00426 -0.00409 -0.00395 -0.00393 
-0.00395 -0.00401 -0.00411 -0.00434 -0.00458 -0.00491 -0.00520 -0.00553 -0.00576 -0.00595 -0.00599 -0.00595 -0.00576 -0.00553 -0.00520 -0.00491 -0.00458 -0.00434 -0.00411 -0.00401 -0.00395 
-0.00409 -0.00411 -0.00428 -0.00449 -0.00482 -0.00515 -0.00556 -0.00591 -0.00625 -0.00644 -0.00654 -0.00644 -0.00625 -0.00591 -0.00556 -0.00515 -0.00482 -0.00449 -0.00428 -0.00411 -0.00409 
-0.00426 -0.00434 -0.00449 -0.00479 -0.00515 -0.00563 -0.00611 -0.00663 -0.00705 -0.00737 -0.00746 -0.00737 -0.00705 -0.00663 -0.00611 -0.00563 -0.00515 -0.00479 -0.00449 -0.00434 -0.00426 
-0.00453 -0.00458 -0.00482 -0.00515 -0.00566 -0.00624 -0.00695 -0.00765 -0.00832 -0.00878 -0.00897 -0.00878 -0.00832 -0.00765 -0.00695 -0.00624 -0.00566 -0.00515 -0.00482 -0.00458 -0.00453 
-0.00479 -0.00491 -0.00515 -0.00563 -0.00624 -0.00708 -0.00803 -0.00911 -0.01012 -0.01095 -0.01124 -0.01095 -0.01012 -0.00911 -0.00803 -0.00708 -0.00624 -0.00563 -0.00515 -0.00491 -0.00479 
-0.00512 -0.00520 -0.00556 -0.00611 -0.00695 -0.00803 -0.00943 -0.01102 -0.01274 -0.01417 -0.01483 -0.01417 -0.01274 -0.01102 -0.00943 -0.00803 -0.00695 -0.00611 -0.00556 -0.00520 -0.00512 
-0.00538 -0.00553 -0.00591 -0.00663 -0.00765 -0.00911 -0.01102 -0.01349 -0.01636 -0.01919 -0.02064 -0.01919 -0.01636 -0.01349 -0.01102 -0.00911 -0.00765 -0.00663 -0.00591 -0.00553 -0.00538 
-0.00563 -0.00576 -0.00625 -0.00705 -0.00832 -0.01012 -0.01274 -0.01636 -0.02127 -0.02699 -0.03096 -0.02699 -0.02127 -0.01636 -0.01274 -0.01012 -0.00832 -0.00705 -0.00625 -0.00576 -0.00563 
-0.00577 -0.00595 -0.00644 -0.00737 -0.00878 -0.01095 -0.01417 -0.01919 -0.02699 -0.03856 -0.05013 -0.03856 -0.02699 -0.01919 -0.01417 -0.01095 -0.00878 -0.00737 -0.00644 -0.00595 -0.00577 
-0.00584 -0.00599 -0.00654 -0.00746 -0.00897 -0.01124 -0.01483 -0.02064 -0.03096 -0.05013 -0.08101 -0.05013 -0.03096 -0.02064 -0.01483 -0.01124 -0.00897 -0.00746 -0.00654 -0.00599 -0.00584 
-0.00577 -0.00595 -0.00644 -0.00737 -0.00878 -0.01095 -0.01417 -0.01919 -0.02699 -0.03856 -0.05013 -0.03856 -0.02699 -0.01919 -0.01417 -0.01095 -0.00878 -0.00737 -0.00644 -0.00595 -0.00577 
-0.00563 -0.00576 -0.00625 -0.00705 -0.00832 -0.01012 -0.01274 -0.01636 -0.02127 -0.02699 -0.03096 -0.02699 -0.02127 -0.01636 -0.01274 -0.01012 -0.00832 -0.00705 -0.00625 -0.00576 -0.00563 
-0.00538 -0.00553 -0.00591 -0.00663 -0.00765 -0.00911 -0.01102 -0.01349 -0.01636 -0.01919 -0.02064 -0.01919 -0.01636 -0.01349 -0.01102 -0.00911 -0.00765 -0.00663 -0.00591 -0.00553 -0.00538 
-0.00512 -0.00520 -0.00556 -0.00611 -0.00695 -0.00803 -0.00943 -0.01102 -0.01274 -0.01417 -0.01483 -0.01417 -0.01274 -0.01102 -0.00943 -0.00803 -0.00695 -0.00611 -0.00556 -0.00520 -0.00512 
-0.00479 -0.00491 -0.00515 -0.00563 -0.00624 -0.00708 -0.00803 -0.00911 -0.01012 -0.01095 -0.01124 -0.01095 -0.01012 -0.00911 -0.00803 -0.00708 -0.00624 -0.00563 -0.00515 -0.00491 -0.00479 
-0.00453 -0.00458 -0.00482 -0.00515 -0.00566 -0.00624 -0.00695 -0.00765 -0.00832 -0.00878 -0.00897 -0.00878 -0.00832 -0.00765 -0.00695 -0.00624 -0.00566 -0.00515 -0.00482 -0.00458 -0.00453 
-0.00426 -0.00434 -0.00449 -0.00479 -0.00515 -0.00563 -0.00611 -0.00663 -0.00705 -0.00737 -0.00746 -0.00737 -0.00705 -0.00663 -0.00611 -0.00563 -0.00515 -0.00479 -0.00449 -0.00434 -0.00426 
-0.00409 -0.00411 -0.00428 -0.00449 -0.00482 -0.00515 -0.00556 -0.00591 -0.00625 -0.00644 -0.00654 -0.00644 -0.00625 -0.00591 -0.00556 -0.00515 -0.00482 -0.00449 -0.00428 -0.00411 -0.00409 
-0.00395 -0.00401 -0.00411 -0.00434 -0.00458 -0.00491 -0.00520 -0.00553 -0.00576 -0.00595 -0.00599 -0.00595 -0.00576 -0.00553 -0.00520 -0.00491 -0.00458 -0.00434 -0.00411 -0.00401 -0.00395 
-0.00393 -0.00395 -0.00409 -0.00426 -0.00453 -0.00479 -0.00512 -0.00538 -0.00563 -0.00577 -0.00584 -0.00577 -0.00563 -0.00538 -0.00512 -0.00479 -0.00453 -0.00426 -0.00409 -0.00395 -0.00393 
--------------------z=19--------------------
-0.00312 -0.00312 -0.00320 -0.00327 -0.00341 -0.00352 -0.00368 -0.00378 -0.00390 -0.00395 -0.00399 -0.00395 -0.00390 -0.00378 -0.00368 -0.00352 -0.00341 -0.00327 -0.00320 -0.00312 -0.00312 
-0.00312 -0.00316 -0.00320 -0.00332 -0.00342 -0.00358 -0.00369 -0.00384 -0.00392 -0.00401 -0.00401 -0.00401 -0.00392 -0.00384 -0.00369 -0.00358 -0.00342 -0.00332 -0.00320 -0.00316 -0.00312 
-0.00320 -0.00320 -0.00329 -0.00337 -0.00352 -0.00365 -0.00382 -0.00393 -0.00406 -0.00411 -0.00416 -0.00411 -0.00406 -0.00393 -0.00382 -0.00365 -0.00352 -0.00337 -0.00329 -0.00320 -0.00320 
-0.00327 -0.00332 -0.00337 -0.00350 -0.00363 -0.00381 -0.00396 -0.00413 -0.00424 -0.00434 -0.00434 -0.00434 -0.00424 -0.00413 -0.00396 -0.00381 -0.00363 -0.00350 -0.00337 -0.00332 -0.00327 
-0.00341 -0.00342 -0.00352 -0.00363 -0.00381 -0.00398 -0.00419 -0.00434 -0.00451 -0.00458 -0.00463 -0.00458 -0.00451 -0.00434 -0.00419 -0.00398 -0.00381 -0.00363 -0.00352 -0.00342 -0.00341 
-0.00352 -0.00358 -0.00365 -0.00381 -0.00398 -0.00421 -0.00441 -0.00463 -0.00478 -0.00491 -0.00492 -0.00491 -0.00478 -0.00463 -0.00441 -0.00421 -0.00398 -0.00381 -0.00365 -0.00358 -0.00352 
-0.00368 -0.00369 -0.00382 -0.00396 -0.00419 -0.00441 -0.00468 -0.00489 -0.00510 -0.00520 -0.00527 -0.00520 -0.00510 -0.00489 -0.00468 -0.00441 -0.00419 -0.00396 -0.00382 -0.00369 -0.00368 
-0.00378 -0.00384 -0.00393 -0.00413 -0.00434 -0.00463 -0.00489 -0.00517 -0.00537 -0.00553 -0.00556 -0.00553 -0.00537 -0.00517 -0.00489 -0.00463 -0.00434 -0.00413 -0.00393 -0.00384 -0.00378 
-0.00390 -0.00392 -0.00406 -0.00424 -0.00451 -0.00478 -0.00510 -0.00537 -0.00563 -0.00576 -0.00584 -0.00576 -0.00563 -0.00537 -0.00510 -0.00478 -0.00451 -0.00424 -0.00406 -0.00392 -0.00390 
-0.00395 -0.00401 -0.00411 -0.00434 -0.00458 -0.00491 -0.00520 -0.00553 -0.00576 -0.00595 -0.00599 -0.00595 -0.00576 -0.00553 -0.00520 -0.00491 -0.00458 -0.00434 -0.00411 -0.00401 -0.00395 
-0.00399 -0.00401 -0.00416 -0.00434 -0.00463 -0.00492 -0.00527 -0.00556 -0.00584 -0.00599 -0.00607 -0.00599 -0.00584 -0.00556 -0.00527 -0.00492 -0.00463 -0.00434 -0.00416 -0.00401 -0.00399 
-0.00395 -0.00401 -0.00411 -0.00434 -0.00458 -0.00491 -0.00520 -0.00553 -0.00576 -0.00595 -0.00599 -0.00595 -0.00576 -0.00553 -0.00520 -0.00491 -0.00458 -0.00434 -0.00411 -0.00401 -0.00395 
-0.00390 -0.00392 -0.00406 -0.00424 -0.00451 -0.00478 -0.00510 -0.00537 -0.00563 -0.00576 -0.00584 -0.00576 -0.00563 -0.00537 -0.00510 -0.00478 -0.00451 -0.00424 -0.00406 -0.00392 -0.00390 
-0.00378 -0.00384 -0.00393 -0.00413 -0.00434 -0.00463 -0.00489 -0.00517 -0.00537 -0.00553 -0.00556 -0.00553 -0.00537 -0.00517 -0.00489 -0.00463 -0.00434 -0.00413 -0.00393 -0.00384 -0.00378 
-0.00368 -0.00369 -0.00382 -0.00396 -0.00419 -0.00441 -0.00468 -0.00489 -0.00510 -0.00520 -0.00527 -0.00520 -0.00510 -0.00489 -0.00468 -0.00441 -0.00419 -0.00396 -0.00382 -0.00369 -0.00368 
-0.00352 -0.00358 -0.00365 -0.00381 -0.00398 -0.00421 -0.00441 -0.00463 -0.00478 -0.00491 -0.00492 -0.00491 -0.00478 -0.00463 -0.00441 -0.00421 -0.00398 -0.00381 -0.00365 -0.00358 -0.00352 
-0.00341 -0.00342 -0.00352 -0.00363 -0.00381 -0.00398 -0.00419 -0.00434 -0.00451 -0.00458 -0.00463 -0.00458 -0.00451 -0.00434 -0.00419 -0.00398 -0.00381 -0.00363 -0.00352 -0.00342 -0.00341 
-0.00327 -0.00332 -0.00337 -0.00350 -0.00363 -0.00381 -0.00396 -0.00413 -0.00424 -0.00434 -0.00434 -0.00434 -0.00424 -0.00413 -0.00396 -0.00381 -0.00363 -0.00350 -0.00337 -0.00332 -0.00327 
-0.00320 -0.00320 -0.00329 -0.00337 -0.00352 -0.00365 -0.00382 -0.00393 -0.00406 -0.00411 -0.00416 -0.00411 -0.00406 -0.00393 -0.00382 -0.00365 -0.00352 -0.00337 -0.00329 -0.00320 -0.00320 
-0.00312 -0.00316 -0.00320 -0.00332 -0.00342 -0.00358 -0.00369 -0.00384 -0.00392 -0.00401 -0.00401 -0.00401 -0.00392 -0.00384 -0.00369 -0.00358 -0.00342 -0.00332 -0.00320 -0.00316 -0.00312 
-0.00312 -0.00312 -0.00320 -0.00327 -0.00341 -0.00352 -0.00368 -0.00378 -0.00390 -0.00395 -0.00399 -0.00395 -0.00390 -0.00378 -0.00368 -0.00352 -0.00341 -0.00327 -0.00320 -0.00312 -0.00312 
--------------------z=20--------------------
-0.00308 -0.00312 -0.00316 -0.00327 -0.00336 -0.00351 -0.00363 -0.00377 -0.00384 -0.00393 -0.00393 -0.00393 -0.00384 -0.00377 -0.00363 -0.00351 -0.00336 -0.00327 -0.00316 -0.00312 -0.00308 
-0.00312 -0.00312 -0.00320 -0.00327 -0.00341 -0.00352 -0.00368 -0.00378 -0.00390 -0.00395 -0.00399 -0.00395 -0.00390 -0.00378 -0.00368 -0.00352 -0.00341 -0.00327 -0.00320 -0.00312 -0.00312 
-0.00316 -0.00320 -0.00324 -0.00336 -0.00347 -0.00363 -0.00376 -0.00391 -0.00400 -0.00409 -0.00409 -0.00409 -0.00400 -0.00391 -0.00376 -0.00363 -0.00347 -0.00336 -0.00324 -0.00320 -0.00316 
-0.00327 -0.00327 -0.00336 -0.00345 -0.00361 -0.00375 -0.00393 -0.00406 -0.00420 -0.00426 -0.00431 -0.00426 -0.00420 -0.00406 -0.00393 -0.00375 -0.00361 -0.00345 -0.00336 -0.00327 -0.00327 
-0.00336 -0.00341 -0.00347 -0.00361 -0.00375 -0.00395 -0.00411 -0.00430 -0.00442 -0.00453 -0.00454 -0.00453 -0.00442 -0.00430 -0.00411 -0.00395 -0.00375 -0.00361 -0.00347 -0.00341 -0.00336 
-0.00351 -0.00352 -0.00363 -0.00375 -0.00395 -0.00413 -0.00436 -0.00453 -0.00471 -0.00479 -0.00485 -0.00479 -0.00471 -0.00453 -0.00436 -0.00413 -0.00395 -0.00375 -0.00363 -0.00352 -0.00351 
-0.00363 -0.00368 -0.00376 -0.00393 -0.00411 -0.00436 -0.00458 -0.00482 -0.00498 -0.00512 -0.00514 -0.00512 -0.00498 -0.00482 -0.00458 -0.00436 -0.00411 -0.00393 -0.00376 -0.00368 -0.00363 
-0.00377 -0.00378 -0.00391 -0.00406 -0.00430 -0.00453 -0.00482 -0.00504 -0.00527 -0.00538 -0.00545 -0.00538 -0.00527 -0.00504 -0.00482 -0.00453 -0.00430 -0.00406 -0.00391 -0.00378 -0.00377 
-0.00384 -0.00390 -0.00400 -0.00420 -0.00442 -0.00471 -0.00498 -0.00527 -0.00547 -0.00563 -0.00566 -0.00563 -0.00547 -0.00527 -0.00498 -0.00471 -0.00442 -0.00420 -0.00400 -0.00390 -0.00384 
-0.00393 -0.00395 -0.00409 -0.00426 -0.00453 -0.00479 -0.00512 -0.00538 -0.00563 -0.00577 -0.00584 -0.00577 -0.00563 -0.00538 -0.00512 -0.00479 -0.00453 -0.00426 -0.00409 -0.00395 -0.00393 
-0.00393 -0.00399 -0.00409 -0.00431 -0.00454 -0.00485 -0.00514 -0.00545 -0.00566 -0.00584 -0.00588 -0.00584 -0.00566 -0.00545 -0.00514 -0.00485 -0.00454 -0.00431 -0.00409 -0.00399 -0.00393 
-0.00393 -0.00395 -0.00409 -0.00426 -0.00453 -0.00479 -0.00512 -0.00538 -0.00563 -0.00577 -0.00584 -0.00577 -0.00563 -0.00538 -0.00512 -0.00479 -0.00453 -0.00426 -0.00409 -0.00395 -0.00393 
-0.00384 -0.00390 -0.00400 -0.00420 -0.00442 -0.00471 -0.00498 -0.00527 -0.00547 -0.00563 -0.00566 -0.00563 -0.00547 -0.00527 -0.00498 -0.00471 -0.00442 -0.00420 -0.00400 -0.00390 -0.00384 
-0.00377 -0.00378 -0.00391 -0.00406 -0.00430 -0.00453 -0.00482 -0.00504 -0.00527 -0.00538 -0.00545 -0.00538 -0.00527 -0.00504 -0.00482 -0.00453 -0.00430 -0.00406 -0.00391 -0.00378 -0.00377 
-0.00363 -0.00368 -0.00376 -0.00393 -0.00411 -0.00436 -0.00458 -0.00482 -0.00498 -0.00512 -0.00514 -0.00512 -0.00498 -0.00482 -0.00458 -0.00436 -0.00411 -0.00393 -0.00376 -0.00368 -0.00363 
-0.00351 -0.00352 -0.00363 -0.00375 -0.00395 -0.00413 -0.00436 -0.00453 -0.00471 -0.00479 -0.00485 -0.00479 -0.00471 -0.00453 -0.00436 -0.00413 -0.00395 -0.00375 -0.00363 -0.00352 -0.00351 
-0.00336 -0.00341 -0.00347 -0.00361 -0.00375 -0.00395 -0.00411 -0.00430 -0.00442 -0.00453 -0.00454 -0.00453 -0.00442 -0.00430 -0.00411 -0.00395 -0.00375 -0.00361 -0.00347 -0.00341 -0.00336 
-0.00327 -0.00327 -0.00336 -0.00345 -0.00361 -0.00375 -0.00393 -0.00406 -0.00420 -0.00426 -0.00431 -0.00426 -0.00420 -0.00406 -0.00393 -0.00375 -0.00361 -0.00345 -0.00336 -0.00327 -0.00327 
-0.00316 -0.00320 -0.00324 -0.00336 -0.00347 -0.00363 -0.00376 -0.00391 -0.00400 -0.00409 -0.00409 -0.00409 -0.00400 -0.00391 -0.00376 -0.00363 -0.00347 -0.00336 -0.00324 -0.00320 -0.00316 
-0.00312 -0.00312 -0.00320 -0.00327 -0.00341 -0.00352 -0.00368 -0.00378 -0.00390 -0.00395 -0.00399 -0.00395 -0.00390 -0.00378 -0.00368 -0.00352 -0.00341 -0.00327 -0.00320 -0.00312 -0.00312 
-0.00308 -0.00312 -0.00316 -0.00327 -0.00336 -0.00351 -0.00363 -0.00377 -0.00384 -0.00393 -0.00393 -0.00393 -0.00384 -0.00377 -0.00363 -0.00351 -0.00336 -0.00327 -0.00316 -0.00312 -0.00308 
