--------------------z=0--------------------
-0.22029 -0.22029 -0.22273 -0.22292 -0.22273 -0.22029 -0.22029 
-0.22029 -0.22200 -0.22330 -0.22533 -0.22330 -0.22200 -0.22029 
-0.22273 -0.22330 -0.22719 -0.22857 -0.22719 -0.22330 -0.22273 
-0.22292 -0.22533 -0.22857 -0.23247 -0.22857 -0.22533 -0.22292 
-0.22273 -0.22330 -0.22719 -0.22857 -0.22719 -0.22330 -0.22273 
-0.22029 -0.22200 -0.22330 -0.22533 -0.22330 -0.22200 -0.22029 
-0.22029 -0.22029 -0.22273 -0.22292 -0.22273 -0.22029 -0.22029 
--------------------z=1--------------------
-0.22029 -0.22200 -0.22330 -0.22533 -0.22330 -0.22200 -0.22029 
-0.22200 -0.22240 -0.22589 -0.22695 -0.22589 -0.22240 -0.22200 
-0.22330 -0.22589 -0.22971 -0.23425 -0.22971 -0.22589 -0.22330 
-0.22533 -0.22695 -0.23425 -0.24026 -0.23425 -0.22695 -0.22533 
-0.22330 -0.22589 -0.22971 -0.23425 -0.22971 -0.22589 -0.22330 
-0.22200 -0.22240 -0.22589 -0.22695 -0.22589 -0.22240 -0.22200 
-0.22029 -0.22200 -0.22330 -0.22533 -0.22330 -0.22200 -0.22029 
--------------------z=2--------------------
-0.22273 -0.22330 -0.22719 -0.22857 -0.22719 -0.22330 -0.22273 
-0.22330 -0.22589 -0.22971 -0.23425 -0.22971 -0.22589 -0.22330 
-0.22719 -0.22971 -0.24002 -0.25033 -0.24002 -0.22971 -0.22719 
-0.22857 -0.23425 -0.25033 -0.28134 -0.25033 -0.23425 -0.22857 
-0.22719 -0.22971 -0.24002 -0.25033 -0.24002 -0.22971 -0.22719 
-0.22330 -0.22589 -0.22971 -0.23425 -0.22971 -0.22589 -0.22330 
-0.22273 -0.22330 -0.22719 -0.22857 -0.22719 -0.22330 -0.22273 
--------------------z=3--------------------
-0.22292 -0.22533 -0.22857 -0.23247 -0.22857 -0.22533 -0.22292 
-0.22533 -0.22695 -0.23425 -0.24026 -0.23425 -0.22695 -0.22533 
-0.22857 -0.23425 -0.25033 -0.28134 -0.25033 -0.23425 -0.22857 
-0.23247 -0.24026 -0.28134 -0.44646 -0.28134 -0.24026 -0.23247 
-0.22857 -0.23425 -0.25033 -0.28134 -0.25033 -0.23425 -0.22857 
-0.22533 -0.22695 -0.23425 -0.24026 -0.23425 -0.22695 -0.22533 
-0.22292 -0.22533 -0.22857 -0.23247 -0.22857 -0.22533 -0.22292 
--------------------z=4--------------------
-0.22273 -0.22330 -0.22719 -0.22857 -0.22719 -0.22330 -0.22273 
-0.22330 -0.22589 -0.22971 -0.23425 -0.22971 -0.22589 -0.22330 
-0.22719 -0.22971 -0.24002 -0.25033 -0.24002 -0.22971 -0.22719 
-0.22857 -0.23425 -0.25033 -0.28134 -0.25033 -0.23425 -0.22857 
-0.22719 -0.22971 -0.24002 -0.25033 -0.24002 -0.22971 -0.22719 
-0.22330 -0.22589 -0.22971 -0.23425 -0.22971 -0.22589 -0.22330 
-0.22273 -0.22330 -0.22719 -0.22857 -0.22719 -0.22330 -0.22273 
--------------------z=5--------------------
-0.22029 -0.22200 -0.22330 -0.22533 -0.22330 -0.22200 -0.22029 
-0.22200 -0.22240 -0.22589 -0.22695 -0.22589 -0.22240 -0.22200 
-0.22330 -0.22589 -0.22971 -0.23425 -0.22971 -0.22589 -0.22330 
-0.22533 -0.22695 -0.23425 -0.24026 -0.23425 -0.22695 -0.22533 
-0.22330 -0.22589 -0.22971 -0.23425 -0.22971 -0.22589 -0.22330 
-0.22200 -0.22240 -0.22589 -0.22695 -0.22589 -0.22240 -0.22200 
-0.22029 -0.22200 -0.22330 -0.22533 -0.22330 -0.22200 -0.22029 
--------------------z=6--------------------
-0.22029 -0.22029 -0.22273 -0.22292 -0.22273 -0.22029 -0.22029 
-0.22029 -0.22200 -0.22330 -0.22533 -0.22330 -0.22200 -0.22029 
-0.22273 -0.22330 -0.22719 -0.22857 -0.22719 -0.22330 -0.22273 
-0.22292 -0.22533 -0.22857 -0.23247 -0.22857 -0.22533 -0.22292 
-0.22273 -0.22330 -0.22719 -0.22857 -0.22719 -0.22330 -0.22273 
-0.22029 -0.22200 -0.22330 -0.22533 -0.22330 -0.22200 -0.22029 
-0.22029 -0.22029 -0.22273 -0.22292 -0.22273 -0.22029 -0.22029 
